-1402419045
1711203944
1244948354
226839798
1821245091
-393206627
-1370828433
878949030
2052769296
-1426097241
1758947734
866932032
49421217
509567804
-1756050621
-1518146426
764160760
-1596761149
-799361056
-2062116707
-2111115103
1438155267
-477580646
1619754719
2020112467
-1642649059
-1542704572
-618602512
-873186444
1319024060
-1220702853
-1957037297
967402466
-1228138102
-623049463
109138606
-427821328
1106167269
2066452622
-264034749
-180933458
-1513691438
1186025821
-745196192
1219983213
515059505
1581109155
1592729601
1947139969
-2045533390
-640916018
-365430748
-1110206648
803870215
1354333739
1443027103
2145479531
2014858970
2069595857
-755133139
773714787
-114882303
-1747140675
-1022240823
-749017537
1031816048
442582846
216678207
-1024641117
-1145400465
458688659
462574335
-1001889517
1849323148
-1803325230
-1476304844
-869368975
-515268654
-1740829174
-288517100
-519443260
672422970
1954380971
1246095225
-2045923782
2080287329
-145078490
1443278768
-1224380817
29102459
-2110153776
-570038127
1569657839
666813319
520224011
1431407567
1007379449
-1724729661
-1663938649
1770752401
-1691627130
-619945374
-1161696379
1423193665
-522209143
1291457148
1560187517
-1181924958
1791199607
-1585313978
-1650953855
1466731304
660121864
-1903766654
-1934979070
-1728616573
276105279
-854675912
-1785704046
2029267836
-1295664984
-1010717786
-1765872182
1240010757
-1171259168
-430042764
-1042021779
-1952660598
764458330
-593413588
-1336368179
-721535859
-971908769
-2011776024
-1089826963
1629397361
189451350
-1725512116
-1561107225
-1925097067
-2048948411
1540877238
1179650320
1773378468
580365975
-79181388
-850880679
-664924886
-2144437217
-1558100810
819692919
-669497493
1453901148
-2020717820
652533062
-470854289
-267476482
294540017
675590378
1728937825
205158057
-965081008
-793367241
1912796954
-867735560
1091558695
-1323635118
840186359
-230327868
-269717086
51673752
1345076210
-277225819
-1274214582
-1509947458
-799166480
-1160365128
-920030346
-133763528
1572864343
314172578
748045569
-1405587746
103404259
-1128508459
-2059988675
-959992115
1058281146
745562898
454302758
-1529672309
-301067331
453249070
-425340966
63453550
-52696032
1838717464
169588552
-1614109123
1893628220
-76815847
-116658136
1589135895
-671313757
-2018869922
944982058
1623377043
1077085812
-1991748941
2008906097
1716605992
-1955462927
499392657
76560962
390217167
1287876942
-24680614
1586172920
266898150
253740491
1139028962
1805202747
-2037563049
-552392444
-1329164751
814855025
-1626768903
-1348017529
-1220046714
-1707741325
2072049974
237481127
749496991
946147716
261828077
-124054641
188470583
-2122919810
420657816
1296249241
-1107772976
1679751245
861007025
2142330080
1576604338
1851679649
911525457
786274835
1593591602
1729977567
1232043546
415361164
1230276663
-514418088
-1021142697
1213578144
-294981382
2054769084
-166460319
1538733368
-1419874292
1159454416
-355021500
1460991392
-1229341539
1820367198
614556833
-1362848609
-1824728070
-1341655443
1991018709
1696536519
-965018793
-1363377998
-1896661158
947780109
383099342
-1914260410
-1011974035
-1337419621
1433042599
-1186010728
1500346609
917182692
370759641
-339838044
2052425363
-2071127047
1981537489
1773182308
1914917421
938464026
-117350031
574001799
406367343
255871376
-1602435749
-98943136
664342716
-1616644167
1167264622
-964344799
1181807185
1846735716
899507600
-836626616
-1176356948
-1401663137
-2089174866
487576408
-376272854
-500790195
-110043904
-1739019316
2132692978
-207158084
1124736657
-1004126904
-765616622
480833141
-1552432642
1273900305
-1835646746
-467845354
1170248061
-259732545
-125254464
263352798
327595553
-458576079
-335791931
1835807943
-1232314021
1619359680
860282389
-1956621606
1813711555
1321415862
714089774
1487368126
410666520
506141697
1969921425
879061137
1341093253
-1621784285
1445641126
968257018
311417893
1131444076
-1387685668
244001662
-993864503
1570040683
1450250772
558862355
-2014695176
931463073
-1967069121
-354612238
-914160586
-739145608
-424491195
1626494897
2071027593
1189184371
-1745004760
-2038949744
-2108833480
1069860261
1530182505
-1015351790
380845270
190750055
1139352746
205059279
-117858434
1028414276
-1561700204
-1775687032
-877194145
-726206920
-1218358278
-121495684
-719778438
-50446566
-1897960642
-1087082247
-237210454
622810965
-1869312781
362055989
447310052
-1501602082
-1898673468
-397967266
1847004096
1625197921
-366113645
1563720430
-220191944
-859362627
-1060105756
1954355524
-283536466
51321523
1714103676
529845360
-1094191565
-29757479
1738909509
-1833425842
104976134
83147220
1317523572
-1421710635
933242970
1254359749
-1699326483
1047601328
-296250021
-1466978301
1074973925
352988942
758112627
289389067
1198208457
1783816886
561049544
-2108166220
1042075998
1964180573
-2038460663
-2068825946
1798087720
-515857861
-141736598
1900677900
2145012752
363224795
-2052433684
555419784
-1026028480
-1549838030
1740216289
800061031
-1029885103
-1658781197
-205937233
-1224047339
183910312
-1476627935
-1378889773
1246730963
1850238492
835065573
-977490135
-872213082
1379163868
-278149471
119740777
-1763100526
1671339152
-210857148
9316084
-847955960
-840871491
-818483745
-257208111
-1238394468
-565254035
-330371208
486140657
-84518150
376557582
716692254
1367441082
-928771046
1860224410
-951243459
-231421502
-70612813
-1337132552
427346995
-994089765
1090542828
-1293829471
799092259
953702223
-888610471
1264812167
519276552
-971761044
-1441256923
469141809
-1162257908
215273794
82109834
844324394
-1433801447
-593512278
1230808457
-927863140
-1566730832
1896551307
-1494839081
-132505801
261214202
-1566888
-1033130218
743634006
1682606364
-1149199140
68895812
-1852327324
-2037503537
1526241593
1129639800
80531580
-1967180242
-44063955
92897482
-1369179825
300914386
1107232919
1283373715
-390441398
-1934172389
-298502087
-831426090
1387819256
1375085776
-1493728321
-631979523
-1994459484
-1471595286
-1642103296
-2094774329
1785793090
1821274540
-1707509373
-1842702464
-1659416434
350946807
920513347
1081893491
1264917109
792992219
1811396022
-1761869923
1339773364
-1182219151
1609932811
1228950434
-476378177
2057533159
-737837645
-705358844
-206313757
-776602405
1851509283
234520978
-1642555986
-677073427
494058711
-303286754
-1362740082
-1842699121
1683495321
-82833038
-548305481
-788918754
-1278131965
1345835395
-791244982
-368515018
-359578303
-400555545
1484199859
1264303937
-1741355237
-594940284
-2090562478
-207273391
-680157390
-1695183479
1462361693
-1591033809
876713865
79402146
-1883028989
-2067078732
-1905149625
261565799
-1521468459
-1224395434
-1177128262
2024930580
151953505
-1816764411
2091325855
507278207
-2095879649
-1742338249
-1104376416
1976014150
-1038055023
-750729151
1024786205
-1489717945
-1018883163
1789513961
125230638
409129300
-1712885155
-34280136
2053453288
-1542945241
414153649
-1257038189
-1806174241
2040843923
-759131469
-989261812
2026830828
1549795836
823277300
-5768203
-1128351696
-161888759
-608721370
1031198390
1321334104
-2072516713
1355641858
-712846624
-335805662
-1214951696
751713388
-223636863
927674654
976192316
-1065495597
175151545
-601649223
2024042807
430741982
2072696461
359021943
-1392940764
-2079665596
-201960965
1795802239
-1858107391
-933353477
-1950523827
866929756
-1137115141
-2132164972
-182987086
426812417
2116416547
-872712731
8799241
-2011994098
-19473566
1872184296
1438251776
87411025
2106433194
1029949666
1436059485
1202698126
1981146734
-1299611193
-541460325
-1215073150
1477462867
-1905771300
1135010744
1655231269
-1527554521
1931261086
622079565
1892067120
436255506
-1106610974
128448222
-1797969698
-459564022
859598397
-1548472717
-1297329931
1414635148
112253861
-150423705
330133767
-1782730616
1489722967
885529983
-1406694411
2004375708
-1720552453
-1840825538
-2037763404
1036504453
369863430
1454465142
-815601325
-34238254
2078030176
1018154530
-497199044
-1235844903
2022299974
-370369677
1295961529
1735235055
668078192
490100776
-161885254
1415626450
1447839094
-359989214
1753144789
2021298282
527255406
1906709559
-214215795
1407892657
1195977690
-1994986426
-1819772202
-828209938
1090168513
-895379830
-81787176
-464938200
-681230053
-956442573
331632371
-1692719399
1232736625
1009591090
-735677949
-398335774
-1552098619
1675203924
1978984932
1111849663
-1639860818
-1950526318
742478648
-594885381
574203847
2050153638
1997827431
-1324660506
682020170
-905702943
2029229799
1585465732
1874262263
-1550373573
629885372
1955094471
-926028230
-1812605525
1642486850
2081302017
-1858692724
-585368903
-422442454
61449875
-1492849896
1807828049
-779417151
1293779434
1281898402
-1364644904
-1110429320
900464556
1967670180
934482564
993751456
1443856173
-603628359
1218767080
-1500895628
-1817904345
-2066340545
-96453682
1653212764
-636578646
-2117863882
1692056136
468725872
243226961
1844509550
1135642889
-206299334
-1824474954
870411745
-1195903248
-455048256
-1508549337
-365719459
-1289525531
-1989653312
1042570137
1791513190
-1338539288
363748925
-1185747236
1813560665
434703463
1347599674
77738512
1636995028
-99164721
-876596283
176787031
-258430123
2036986212
1428271414
480104395
-227919839
657359189
-1994986824
-27257422
-2114083994
555128074
-1376518136
-586214928
-1777673309
1074237377
1037052029
1057508284
-447582393
-1491495848
476294215
602823062
-203066984
-1123495317
-34230789
-1197193608
-166966826
1405489313
2040432718
645764683
-559361889
-1093334973
439075872
-687497828
1171414933
-587438578
977201852
-1397219185
-1892632771
-1112243127
-770656162
137391379
-1333469398
-67161576
-1680444684
1207133271
1847419994
673455122
526346537
-900978820
-1226466849
2104666641
-1705189986
1274698635
-1030373439
-1847368118
690414202
-152291160
-1669057502
-394247780
-1611339484
825088135
720769699
639387948
-962000305
-1864730593
2010113542
-1084710607
-38188490
-1921802082
-630370284
142465292
431119656
349006748
-1653552191
-1467093861
-1601982393
16668306
885714317
845448910
-1334003060
817125773
306890284
-2046797447
551541261
1261974814
-2013312151
577347179
-814792318
-796709996
-104076474
-1688791616
1100790277
995793260
1360047464
1710495091
2068659480
-1566039800
1214809777
1799323191
749578988
1467768223
-1333345490
-1650153082
-1666834208
-1852485259
1550232116
-538139399
1112388679
-467598517
1888403653
515329754
496538990
856162071
-2124722633
-1466882057
446095068
1838329336
1163527959
-1129058632
859477211
-654853789
-855965110
1926059892
1845467447
328265122
-1099342731
-1744275969
473470789
-1017688193
908078494
-867455865
-177198042
-1625401028
-1237928685
124138400
2122174285
-317615419
1093197706
101027740
-152944835
-646514392
-365982839
-755202272
905410199
300673348
521023495
1743417075
532442451
-1300659776
-827209389
32169753
-691721651
-700927937
-1495846859
1625498912
-2107905789
-2079498799
-1667416238
1803814841
1567119261
1820552876
592014036
611037065
142487852
659523867
265006666
389859649
-2017150922
-1331636299
-1996950324
1413297387
1887229298
-1617937710
1245798242
929027719
436461263
1926012219
1259998629
-373138474
